  0.10000000149011612        1.0000000000000000     
  0.20000000298023224       0.99990912173921398     
  0.30000000447034836       0.99741381663158113     
  0.40000000596046448       0.98562387076749303     
  0.50000000745058060       0.95750402122974199     
  0.60000000894069672       0.90733231107218271     
  0.70000001043081284       0.82863478863321482     
  0.80000001192092896       0.71041176687073293     
  0.90000001341104507       0.52542948078585827     
   1.0000000149011612        2.7950789096667589E-003
   1.0000000000000000        2.7993368452741809E-003
